image: latest_warehouse_gtc.png
resolution: 0.05
origin: [-6.324999904632568, -18.825000381469728, 0.0000]
negate: 0
occupied_thresh: 0.80
free_thresh: 0.05